adam_bashforth 1 1.06 0 0.1 1-t+4*y 2
adam_multon 0.0 0.1 0.23 0.402 0.6328 0 0.1 20 1-t+4*y 6
adam_multon 0.0 0.1 0.23 0.402 0 0.1 20 1-t+4*y 5
adam_multon 0.0 0.1 0.23 0 0.1 20 1-t+4*y 4
adam_multon 0.0 0.1 0 0.1 20 1-t+4*y 3
adam_multon 0.0 0 0.1 20 1-t+4*y 2
adam_multon 1.0 1.6090418 2.5053299 3.8301388 5.794226 8.7120041 0 0.1 20 1-t+4*y 7
adam_multon 1.0 1.6090418 2.5053299 3.8301388 5.794226 0 0.1 20 1-t+4*y 6
adam_multon 1.0 1.6090418 2.5053299 3.8301388 0 0.1 20 1-t+4*y 5
adam_multon 1.0 1.6090418 2.5053299 0 0.1 20 1-t+4*y 4
adam_multon 1.0 1.6090418 0 0.1 20 1-t+4*y 3
adam_multon 1.0 0 0.1 20 1-t+4*y 2
