
Metodo de Euler
y( 0.0 ) = 0.0
h = 0.1
0 0.0
1 0.100000000000000
2 0.230000000000000
3 0.402000000000000
4 0.632800000000000
5 0.945920000000000
6 1.37428800000000
7 1.96400320000000
8 2.77960448000000
9 3.91144627200000
10 5.48602478080000
11 7.68043469312000
12 10.7426085703680
13 15.0196519985152
14 20.9975127979213
15 29.3565179170898
16 41.0491250839257
17 57.4087751174960
18 80.3022851644944
19 112.343199230292
20 157.190478922409

Metodo de Euler Inverso
y( 0.0 ) = 0.0
h = 0.1
0 0.0
1 0.130000000000000
2 0.318800000000000
3 0.599328000000000
4 1.02295168000000
5 1.66980462080000
6 2.66489520844800
7 4.20323652517888
8 6.58904897927905
9 10.2969164076753
10 16.0671895959735
11 25.0548157697187
12 39.0615126007611
13 60.8979596571873
14 94.9488170652123
15 148.054154621731
16 230.884481209901
17 360.085790687445
18 561.625833472414
19 876.014300216966
20 1366.44630833847

Metodo de Euler Aprimorado
y( 0.0 ) = 0.0
h = 0.1
0 0.0
1 0.115000000000000
2 0.273200000000000
3 0.495336000000000
4 0.812097280000000
5 1.26890397440000
6 1.93297788211200
7 2.90380726552576
8 4.32863475297813
9 6.42537943440763
10 9.51656156292329
11 14.0795111131265
12 20.8206764474272
13 30.7856011421922
14 45.5216896904445
15 67.3191007418578
16 99.5672690979496
17 147.282558264965
18 217.889186232149
19 322.374995623580
20 477.001993522899

Metodo de Runge-Kutta
y( 0.0 ) = 0.0
h = 0.1
0 0.0
1 0.117200000000000
2 0.279737813333333
3 0.509907554076445
4 0.840966095334301
5 1.32252382328002
6 2.02858620464758
7 3.06954966101296
8 4.61009621432173
9 6.89588752611087
10 10.2933852856171
11 15.3492526100646
12 22.8789650935203
13 34.0989948621740
14 50.8239939357338
15 75.7609392203986
16 112.947918399709
17 168.408681474126
18 251.129057111003
19 374.513505461054
20 558.557906546436

Metodo Adan-Bashforth
y( 0.0 ) = 0.0
h = 0.1
0 0.0
1 0.1
2 0.23
3 0.402
4 0.6328
5 1.00006933333333
6 1.56143411259259
7 2.37147895557696
8 3.55628975681026
9 5.32211215281102
10 7.94807143509720
11 11.8428794700379
12 17.6348445650433
13 26.2632360032403
14 39.1161985890128
15 58.2631806513790
16 86.7972738113462
17 129.329225597457
18 192.728523445518
19 287.238075250546
20 428.132098963996

Metodo Adan-Bashforth
y( 0.0 ) = 1.0
h = 0.1
0 1.0
1 1.06
2 1.58100000000000
3 2.39260000000000
4 3.57696000000000
5 5.29961600000000
6 7.80899360000000
7 11.4694665600000
8 16.8143477760000
9 24.6240631296000
10 36.0406314521600
11 52.7351976975360
12 77.1531900256256
13 112.873064501494
14 165.131265197265
15 241.590411415325
16 353.463405225067
17 517.158366077042
18 756.685704678254
19 1107.18045426980
20 1620.05658589603

Metodo Adan-Bashforth por Euler
y( 0.0 ) = 0.0
h = 0.1
0 0.0
1 0.1
2 0.23
3 0.402
4 0.6328
5 0.94592
6 1.45035040000000
7 2.23691931688889
8 3.35844174442605
9 4.99695083498148
10 7.48198639667957
11 11.1802888333590
12 16.6249202050360
13 24.7500581304216
14 36.9138997900255
15 55.0062241322631
16 81.9320443028141
17 122.138411354335
18 182.125068886494
19 271.512719182195
20 404.819759848821

Metodo Adan-Bashforth por Euler Inverso
y( 0.0 ) = 0.0
h = 0.1
0 0.0
1 0.13
2 0.3188
3 0.599328
4 1.02295168
5 1.6698046208
6 2.56669570372267
7 3.83517932594029
8 5.76086180833961
9 8.64973784449651
10 12.8827270903983
11 19.1762162622182
12 28.6224313633973
13 42.6826707427550
14 63.5715579421872
15 94.7590071017959
16 141.323288735407
17 210.695867974306
18 314.116250900087
19 468.445356751209
20 698.631384884925

Metodo Adan-Bashforth por Euler Aprimorado
y( 0.0 ) = 0.0
h = 0.1
0 0.0
1 0.115
2 0.2732
3 0.495336
4 0.81209728
5 1.2689039744
6 1.94566533580800
7 2.95034555054123
8 4.43033073361868
9 6.62178245644458
10 9.88667894391046
11 14.7449658269955
12 21.9694362353666
13 32.7351647816092
14 48.7896601869607
15 72.7172842441210
16 108.386148255522
17 161.584447620544
18 240.924394284387
19 359.238976622275
20 535.696063138740

Metodo Adan-Bashforth por Runge-Kutta
y( 0.0 ) = 0.0
h = 0.1
0 0.0
1 0.1172
2 0.279737813333333
3 0.509907554076445
4 0.840966095334301
5 1.32252382328002
6 2.02836134047985
7 3.06872220834702
8 4.60828020736213
9 6.89236515086689
10 10.2867228821220
11 15.3372283794532
12 22.8581235247808
13 34.0634846111728
14 50.7642408683034
15 75.6618503726721
16 112.785401547091
17 168.144096399825
18 250.701252221953
19 373.826207774337
20 557.459348935009

Metodo Adan-Multon
y( 0.0 ) = 0.0
h = 0.1
0 0.0
1 0.1
2 0.23
3 0.402
4 0.6328
5 1.00032266666667
6 1.53646839407407
7 2.31499839196379
8 3.45518172053336
9 5.12989810586087
10 7.59497886397950
11 11.2292634776171
12 16.5929983297491
13 24.5148587734367
14 36.2206095480175
15 53.5233553579867
16 79.1049737805521
17 116.932402047909
18 172.873390665956
19 255.607304494301
20 377.972347041069

Metodo Adan-Multon por Euler
y( 0.0 ) = 0.0
h = 0.1
0 0.0
1 0.1
2 0.23
3 0.402
4 0.6328
5 1.00032266666667
6 1.53646839407407
7 2.31499839196379
8 3.45518172053336
9 5.12989810586087
10 7.59497886397950
11 11.2292634776171
12 16.5929983297491
13 24.5148587734367
14 36.2206095480175
15 53.5233553579867
16 79.1049737805521
17 116.932402047909
18 172.873390665956
19 255.607304494301
20 377.972347041069

Metodo Adan-Multon por Euler Inverso
y( 0.0 ) = 0.0
h = 0.1
0 0.0
1 0.13
2 0.3188
3 0.599328
4 1.02295168
5 1.58390244960000
6 2.39506694402311
7 3.58659818232187
8 5.33626545236469
9 7.91206790110146
10 11.7102943807736
11 17.3165085278530
12 25.5970229390769
13 37.8332872432930
14 55.9207496387005
15 82.6630918758146
16 122.207421099587
17 180.687987731685
18 267.178353745416
19 395.099804895765
20 584.304623026374

Metodo Adan-Multon por Euler Aprimorado
y( 0.0 ) = 0.0
h = 0.1
0 0.0
1 0.115
2 0.2732
3 0.495336
4 0.81209728
5 1.26818527493333
6 1.93077786318904
7 2.89891386356533
8 4.31895931157414
9 6.40745795622458
10 9.48471224181226
11 14.0244966453934
12 20.7276027735909
13 30.6306165666096
14 45.2668183371890
15 66.9041810563534
16 98.8974085706630
17 146.208657819065
18 216.177772391904
19 319.661584227366
20 472.719127591115

Metodo Adan-Multon por Runge-Kutta
y( 0.0 ) = 0.0
h = 0.1
0 0.0
1 0.1172
2 0.279737813333333
3 0.509907554076445
4 0.840966095334301
5 1.31136967014347
6 1.99431122714946
7 2.99300863339337
8 4.45815425902394
9 6.61333063778934
10 9.78923394213568
11 14.4749355589128
12 21.3938751192256
13 31.6161425909403
14 46.7245729658658
15 69.0604391128751
16 102.086867721395
17 150.926390774344
18 223.156072840323
19 329.983634587348
20 487.987132232802

Metodo Formula Inversa de Diferenciacao
y( 0.0 ) = 0.0
h = 0.1
0 0.0
1 0.1
2 0.23
3 0.402
4 0.6328
5 0.974029781021898
6 1.48209003612339
7 2.22004599813281
8 3.28518460105450
9 4.83184786218960
10 7.08853920291730
11 10.3861377388376
12 15.2075552418793
13 22.2617560085514
14 32.5890840422187
15 47.7141957833341
16 69.8711584824091
17 102.334273762309
18 149.902811007202
19 219.611033901812
20 321.768801628941

Metodo Formula Inversa de Diferenciacao por Euler
y( 0.0 ) = 0.0
h = 0.1
0 0.0
1 0.1
2 0.23
3 0.402
4 0.6328
5 0.974029781021898
6 1.48209003612339
7 2.22004599813281
8 3.28518460105450
9 4.83184786218960
10 7.08853920291730
11 10.3861377388376
12 15.2075552418793
13 22.2617560085514
14 32.5890840422187
15 47.7141957833341
16 69.8711584824091
17 102.334273762309
18 149.902811007202
19 219.611033901812
20 321.768801628941

Metodo Formula Inversa de Diferenciacao por Euler Inverso
y( 0.0 ) = 0.0
h = 0.1
0 0.0
1 0.13
2 0.3188
3 0.599328
4 1.02295168
5 1.60516993027737
6 2.40667726087979
7 3.55870723464443
8 5.24530000926218
9 7.71184700920942
10 11.3125901534295
11 16.5749128379993
12 24.2762793043116
13 35.5539126249991
14 52.0719848949591
15 76.2698456446142
16 111.723982261226
17 163.676610749850
18 239.810656066299
19 351.386521798548
20 514.908383067295

Metodo Formula Inversa de Diferenciacao por Euler Aprimorado
y( 0.0 ) = 0.0
h = 0.1
0 0.0
1 0.115
2 0.2732
3 0.495336
4 0.81209728
5 1.26109381465693
6 1.90240082167557
7 2.82934617309409
8 4.17755573556864
9 6.14271559892931
10 9.01098906497270
11 13.2028486597655
12 19.3351254532943
13 28.3115917167224
14 41.4565510947272
15 60.7110309499298
16 88.9200928083432
17 130.253693587702
18 190.823564210485
19 279.587465677868
20 409.674550476678

Metodo Formula Inversa de Diferenciacao por Runge-Kutta
y( 0.0 ) = 0.0
h = 0.1
0 0.0
1 0.1172
2 0.279737813333333
3 0.509907554076445
4 0.840966095334301
5 1.30782179450552
6 1.97085472162073
7 2.92844965731493
8 4.32266555908023
9 6.35592873134984
10 9.32370690459662
11 13.6610193295281
12 20.0065051253893
13 29.2956425091129
14 42.8989182208786
15 62.8250760873695
16 92.0185603347126
17 134.795017656541
18 197.479663144714
19 289.343129249303
20 423.973148856982

Metodo Adan-Multon
y( 0.0 ) = 0.0
h = 0.1
0 0.0
1 0.1
2 0.23
3 0.402
4 0.6328
5 1.00032266666667
6 1.53646839407407
7 2.31499839196379
8 3.45518172053336
9 5.12989810586087
10 7.59497886397950
11 11.2292634776171
12 16.5929983297491
13 24.5148587734367
14 36.2206095480175
15 53.5233553579867
16 79.1049737805521
17 116.932402047909
18 172.873390665956
19 255.607304494301
20 377.972347041069

Metodo Adan-Multon
y( 0.0 ) = 0.0
h = 0.1
0 0.0
1 0.1
2 0.23
3 0.402
4 0.671669333333333
5 1.06074432948148
6 1.62322082405083
7 2.44297798863890
8 3.64314639414486
9 5.40573266614966
10 7.99990576853977
11 11.8236555050249
12 17.4654425933252
13 25.7953584155831
14 38.0999100339138
15 56.2813117596964
16 83.1521554724445
17 122.871106704308
18 181.587119780995
19 268.391966812257
20 396.728635941725

Metodo Adan-Multon
y( 0.0 ) = 0.0
h = 0.1
0 0.0
1 0.1
2 0.23
3 0.429800000000000
4 0.714161333333333
5 1.12230296888889
6 1.71353242139259
7 2.57537027147417
8 3.83714262881600
9 5.68998243105946
10 8.41636746354068
11 12.4337748355641
12 18.3591986675171
13 27.1045015205048
14 40.0173353462703
15 59.0894101463891
16 87.2642965699733
17 128.892330840398
18 190.402923871283
19 281.298174482958
20 415.621341568716

Metodo Adan-Multon
y( 0.0 ) = 0.0
h = 0.1
0 0.0
1 0.1
2 0.250000000000000
3 0.460000000000000
4 0.758333333333333
5 1.18716666666667
6 1.80880555555556
7 2.71530277777778
8 4.04266064814815
9 5.99181421296297
10 8.85963263117285
11 13.0847218063272
12 19.3150949551183
13 28.5081517057999
14 42.0783910601959
15 62.1156482001006
16 91.7075259314777
17 135.415767290546
18 199.980066738104
19 295.357907864137
20 436.260859571603

Metodo Adan-Multon
y( 0.0 ) = 0.0
h = 0.1
0 0.0
1 0.115000000000000
2 0.273200000000000
3 0.495336000000000
4 0.812097280000000
5 1.26890397440000
6 1.93297788211200
7 2.90380726552576
8 4.32863475297813
9 6.42537943440763
10 9.51656156292329
11 14.0795111131265
12 20.8206764474272
13 30.7856011421922
14 45.5216896904445
15 67.3191007418578
16 99.5672690979496
17 147.282558264965
18 217.889186232149
19 322.374995623580
20 477.001993522899

Metodo Adan-Multon
y( 0.0 ) = 1.0
h = 0.1
0 1.0
1 1.6090418
2 2.5053299
3 3.8301388
4 5.794226
5 8.7120041
6 12.9508455862466
7 19.2004036337383
8 28.4433337720961
9 42.1042937883784
10 62.3051574464149
11 92.1838775783595
12 136.380997750346
13 201.764301405006
14 298.495456621835
15 441.609690185958
16 653.353708077833
17 966.644384017298
18 1430.18646026283
19 2116.04491540928
20 3130.84920484085

Metodo Adan-Multon
y( 0.0 ) = 1.0
h = 0.1
0 1.0
1 1.6090418
2 2.5053299
3 3.8301388
4 5.794226
5 8.64083011388889
6 12.8338087827099
7 19.0270844408892
8 28.1752577759538
9 41.6947028340174
10 61.6803475056085
11 91.2304073936797
12 134.927797229447
13 199.551425721452
14 295.128387844224
15 436.490403625484
16 645.576020337011
17 954.835945133730
18 1412.27009372699
19 2088.87821047898
20 3089.68055671841

Metodo Adan-Multon
y( 0.0 ) = 1.0
h = 0.1
0 1.0
1 1.6090418
2 2.5053299
3 3.8301388
4 5.74397312017778
5 8.55893718799184
6 12.7101696837008
7 18.8361098717187
8 27.8818282284959
9 41.2447619223117
10 60.9910770953132
11 90.1757831242204
12 133.315984103308
13 197.090617156322
14 291.375080653433
15 430.771023403463
16 636.868272942750
17 941.589296319349
18 1392.13428078623
19 2058.29287240575
20 3043.25522742457

Metodo Adan-Multon
y( 0.0 ) = 1.0
h = 0.1
0 1.0
1 1.6090418
2 2.5053299
3 3.79438349733333
4 5.68629867759556
5 8.47063952135144
6 12.5737245044191
7 18.6257710945938
8 27.5582108210675
9 40.7476163373539
10 60.2284395581812
11 89.0074198777283
12 131.528251322439
13 194.358319355083
14 287.203636936519
15 424.408829965536
16 627.173982658593
17 926.830938310599
18 1369.68538109872
19 2024.17300332915
20 2991.43568562945

Metodo Adan-Multon
y( 0.0 ) = 1.0
h = 0.1
0 1.0
1 1.6090418
2 2.48022936666667
3 3.75504265666667
4 5.62655633944445
5 8.37966642061111
6 12.4352810862685
7 18.4152660820491
8 27.2383897535313
9 40.2620757608954
10 59.4918339828920
11 87.8906817823082
12 129.836294874033
13 191.796419584972
14 283.326752881657
15 418.545248669653
16 618.310314575091
17 913.438963573647
18 1349.46143487463
19 1993.64585352616
20 2945.37673246009

Metodo Adan-Multon
y( 0.0 ) = 1.0
h = 0.1
0 1.0
1 1.59500000000000
2 2.46360000000000
3 3.73712800000000
4 5.60994944000000
5 8.36972517120000
6 12.4421932533760
7 18.4574460149965
8 27.3480201021948
9 40.4940697512483
10 59.9382232318475
11 88.7035703831343
12 131.264284167039
13 194.242140567217
14 287.437368039482
15 425.354304698433
16 629.459370953681
17 931.522869011447
18 1378.56484613694
19 2040.17497228267
20 3019.34595897836

Metodo Formula Inversa de Diferenciacao
y( 0.0 ) = 1.0
h = 0.1
0 1.0
1 1.69000000000000
2 2.75240000000000
3 4.39574400000000
4 6.94536064000000
5 10.9087625984000
6 17.0776696535040
7 26.6871646594662
8 41.6639768687673
9 65.0138039152770
10 101.425534107832
11 158.213833208218
12 246.789579804820
13 384.953744495520
14 600.475841413011
15 936.676312604297
16 1461.13504766270
17 2279.27667435382
18 3555.56361199196
19 5546.55723470745
20 8652.49328614362

Metodo Formula Inversa de Diferenciacao
y( 0.0 ) = 1.0
h = 0.1
0 1.0
1 1.6090418
2 2.5053299
3 3.8301388
4 5.794226
5 8.7120041
6 12.9214314004082
7 18.9689527823174
8 27.7909739424248
9 40.7539667575431
10 59.7594838415846
11 87.5717416321850
12 128.300664149724
13 187.993124401810
14 275.475262264034
15 403.659620462421
16 591.489316199531
17 866.743591603475
18 1270.12257045124
19 1861.25787090343
20 2727.54327776655

Metodo Formula Inversa de Diferenciacao
y( 0.0 ) = 1.0
h = 0.1
0 1.0
1 1.6090418
2 2.5053299
3 3.8301388
4 5.794226
5 8.61854013576643
6 12.6855015211072
7 18.6184672665067
8 27.3174669089619
9 40.0648707074205
10 58.7324388040470
11 86.0760199113982
12 126.141418479842
13 184.854914540995
14 270.898565455390
15 396.997799575780
16 581.805730386939
17 852.662067931464
18 1249.63717683466
19 1831.46069859322
20 2684.21119271886

Metodo Formula Inversa de Diferenciacao
y( 0.0 ) = 1.0
h = 0.1
0 1.0
1 1.6090418
2 2.5053299
3 3.8301388
4 5.72775950144000
5 8.46736624475187
6 12.4648467984393
7 18.3182787049029
8 26.8928122960072
9 39.4547242200713
10 57.8626874219668
11 84.8434537771546
12 124.395447765128
13 182.381495672861
14 267.398500873716
15 392.052677059893
16 574.829361789359
17 842.834793196737
18 1235.81656758583
19 1812.05911122656
20 2657.02858956029

Metodo Formula Inversa de Diferenciacao por Euler
y( 0.0 ) = 1.0
h = 0.1
0 1.0
1 1.69000000000000
2 2.75240000000000
3 4.39574400000000
4 6.94536064000000
5 10.9087625984000
6 17.0776696535040
7 26.6871646594662
8 41.6639768687673
9 65.0138039152770
10 101.425534107832
11 158.213833208218
12 246.789579804820
13 384.953744495520
14 600.475841413011
15 936.676312604297
16 1461.13504766270
17 2279.27667435382
18 3555.56361199196
19 5546.55723470745
20 8652.49328614362

Metodo Formula Inversa de Diferenciacao por Euler
y( 0.0 ) = 1.0
h = 0.1
0 1.0
1 1.5
2 2.30400000000000
3 3.50016000000000
4 5.26427306666667
5 7.86697270044444
6 11.7115423865363
7 17.3960414395405
8 25.8067299279703
9 38.2568052638891
10 56.6920376743807
11 83.9954758763134
12 124.438932937448
13 184.351953587807
14 273.113023144041
15 404.618241636561
16 599.457458011716
17 888.138647794476
18 1315.86547289867
19 1949.61619114890
20 2888.63247526123

Metodo Formula Inversa de Diferenciacao por Euler
y( 0.0 ) = 1.0
h = 0.1
0 1.0
1 1.5
2 2.19
3 3.26276363636364
4 4.86460284297521
5 7.21518581806161
6 10.6564064327042
7 15.6990340659962
8 23.0950983083149
9 33.9491641942771
10 49.8836664133562
11 73.2820757688567
12 107.646042644648
13 158.120011072426
14 232.261927658445
15 341.175523674714
16 501.173805355521
17 736.222965876218
18 1081.53285002416
19 1588.83187221283
20 2334.11664290919

Metodo Formula Inversa de Diferenciacao por Euler
y( 0.0 ) = 1.0
h = 0.1
0 1.0
1 1.5
2 2.19
3 3.146
4 4.4744
5 6.32416
6 9.13577806802721
7 13.4511581467722
8 19.8145014690972
9 29.0416233972792
10 42.5170477651574
11 62.3075095041045
12 91.3308597329721
13 133.821452245123
14 196.051949988012
15 287.254418128297
16 420.920198268484
17 616.787496098819
18 903.802066068114
19 1324.40925894662
20 1940.80372125997
